-107.29558625568329,33.810760823147056,0
-107.32597622809648,33.602351587434406,0
-107.37646636447356,33.39666228119109,0
-107.44681775974314,33.195036124208,0
-107.5366975854588,32.99879633423096,0
-107.6456807188174,32.809239612275846,0
-107.77325182339962,32.62762975783612,0
-107.91880787144106,32.45519144525869,0
-108.0816610952805,32.293104191775015,0
-108.26104235352894,32.14249654673505,0
-108.45610489547242,32.004440530508816,0
-108.66592850527077,31.879946350297015,0
-108.88952400565431,31.76995741873608,0
-109.12583809905973,31.67534569969979,0
-109.37375852249386,31.596907404097145,0
-109.63211949087683,31.53535905675172,0
-109.89970740220402,31.491333953630324,0
-110.17526677658306,31.465379026776723,0
-110.45750640005728,31.457952132309345,0
-110.74510564312341,31.469419774769605,0
-111.03672092299631,31.50005527897039,0
-111.33099227796896,31.550037418302185,0
-111.6265500216674,31.619449506218775,0
-111.92202144460835,31.708278955355656,0
-112.21603753023652,31.81641730644393,0
-112.50723965254682,31.94366072688128,0
-112.79428622248737,32.08971097652132,0
-113.0758592505903,32.25417683595414,0
-113.35067079368703,32.436575990285625,0
-113.61746925413325,32.6363373591919,0
-113.87504550069072,32.85280386183969,0
-114.12223878108671,33.085235603133164,0
-114.3579423972926,33.33281346568422,0
-114.58110911572493,33.59464308991598,0
-114.79075628587064,33.86975922280816,0
-114.98597064226709,34.157130413987325,0
-115.16591276631709,34.455664036163654,0
-115.3298211860869,34.76421160532752,0
-115.47701609400696,35.08157437465047,0
-115.60690266426751,35.40650917469495,0
-115.7189739536618,35.73773447133051,0
-115.81281337166965,36.073936611687934,0
-115.88809670768418,36.41377622756176,0
-115.94459370545391,36.75589476490037,0
-115.9821691770297,37.09892110740523,0
-116.00078365076195,37.44147826180012,0
-116.00049355017549,37.782190072028776,0
-115.98145090284771,38.11968792949793,0
-115.9439025807169,38.45261744650198,0
-115.88818907554364,38.779645060145924,0
-115.81474281552458,39.09946453442336,0
-115.724086031305,39.41080332860555,0
-115.61682818184451,39.71242880075202,0
-115.49366295274521,40.003154215960876,0
-115.35536484174655,40.28184452993331,0
-115.20278534811239,40.54742191952743,0
-115.0368487845767,40.798871033215484,0
-114.85854773236257,41.035243935730726,0
-114.66893816153761,41.25566472268788,0
-114.46913424060811,41.45933378257762,0
-114.26030286077628,41.64553168526261,0
-114.04365790168275,41.81362267793213,0
-113.82045426672254,41.96305777139477,0
-113.59198171715124,42.09337740159546,0
-113.35955853518442,42.204213653323244,0
-113.12452504712955,42.29529203522104,0
-112.88823703827703,42.36643279740591,0
-112.65205909180541,42.41755178524895,0
-112.41735788432949,42.44866082513553,0
-112.18549547093134,42.45986764031919,0
-111.95782259256653,42.45137529728384,0
-111.73567203862791,42.42348118532877,0
-111.52035209717921,42.37657553437677,0
-111.31314012494155,42.31113947826797,0
-111.11527626852894,42.22774267302772,0
-110.92795736768892,42.12704048177686,0
-110.75233107041178,42.00977074007512,0
-110.5894901887357,41.87675011754351,0
-110.44046732289448,41.72887009358887,0
-110.3062297801419,41.567092566943955,0
-110.18767481314205,41.39244512052987,0
-110.08562520125075,41.20601596483599,0
-110.00082519633312,41.00894858458697,0
-109.93393685297735,40.802436114919836,0
-109.88553676108128,40.58771547461902,0
-109.85611319681863,40.36606128514681,0
-109.84606370594146,40.13877960525636,0
-109.85569313125853,39.90720151187699,0
-109.88521209395367,39.672676558715196,0
-109.93473593618477,39.43656614461299,0
-110.00428413014566,39.20023682414765,0
-110.0937801564876,38.965053593239716,0
-110.20305185269831,38.73237318265831,0
-110.33183222973528,38.503537392274325,0
-110.47976075291585,38.27986649871242,0
-110.6463850807929,38.062652768693006,0
-110.83116325350208,37.853154109837995,0
-111.03346631986456,37.65258789004059,0
-111.25258139038054,37.46212495567376,0
-111.48771510116289,37.282883877938126,0
-111.73799747184711,37.115925455532576,0
-112.00248613858447,36.96224750057533,0
-112.28017094138808,36.82277993331584,0
-112.56997884336556,36.69838020966546,0
-112.87077915774725,36.5898291039446,0
-113.18138905711041,36.49782686750418,0
-113.5005793378183,36.4229897820382,0
-113.82708041144294,36.365847124470974,0
-114.15958849382824,36.32683855828668,0
-114.4967719614826,36.30631196408006,0
-114.83727784417026,36.30452171995595,0
-115.17973842190366,36.32162744020165,0
-115.52277789402771,36.357693178411836,0
-115.86501908773386,36.412687098970416,0
-116.20509017314863,36.48648161850007,0
-116.54163135210919,36.57885401658803,0
-116.87330148786725,36.689487512798095,0
-117.19878464325241,36.81797280469527,0
-117.51679649527351,36.96381005935091,0
-117.82609059474312,37.126411348575495,0
-118.12546444026786,37.30510351595242,0
-118.41376533685786,37.49913146163146,0
-118.6898960104627,37.70766182879408,0
-118.95281995093703,37.92978707373567,0
-119.20156645726921,38.164529899630374,0
-119.43523536036466,38.41084803226337,0
-119.65300140025477,38.66763931433988,0
-119.85411823629497,38.93374709342027,0
-120.03792207071348,39.20796587709208,0
-120.20383486776542,39.489047227680985,0
-120.35136715272834,39.77570586762942,0
-120.48012037703286,40.066625965639574,0
-120.58978883794713,40.360467572792246,0
-120.68016114341587,40.655873177118316,0
-120.75112121488252,40.9514743445193,0
-120.8026488231856,41.2458984135107,0
-120.8348196549082,41.53777521099809,0
-120.8478049088584,41.82574375619262,0
-120.84187042466081,42.10845891983122,0
-120.81737534773039,42.38459800608498,0
-120.77477033717071,42.65286722491845,0
-120.71459532537806,42.91200802319872,0
-120.6374768403277,43.16080324354512,0
-120.54412490366148,43.39808308075409,0
-120.43532951977288,43.62273080662515,0
-120.31195677308943,43.83368823514828,0
-120.17494455267159,44.029960901284625,0
-120.02529792507178,44.210622927975386,0
-119.86408417812123,44.37482155754054,0
-119.6924275599231,44.521781325273096,0
-119.51150373882375,44.650807854786834,0
-119.3225340115007,44.76129125652828,0
-119.12677928753911,44.85270911280721,0
-118.92553387996408,44.92462903472526,0
-118.72011913214564,44.976710778478925,0
-118.51187691229558,45.008707910671646,0
-118.30216300742315,45.02046901447808,0
-118.0923404491097,45.01193843075318,0
-117.88377280379557,44.98315653045598,0
-117.67781746044706,44.93425951705382,0
-117.47581894848388,44.86547875987486,0
-117.27910231869888,44.777139661674084,0
-117.088966619594,44.66966006595923,0
-116.90667850108869,44.54354821187767,0
-116.73346597693288,44.3994002466809,0
-116.57051237637991,44.23789730795039,0
-116.4189505147473,44.059802189875995,0
-116.27985711142131,43.86595560991506,0
-116.15424748264923,43.65727209411797,0
-116.04307053511756,43.4347355012734,0
-115.94720408484072,43.19939420779575,0
-115.86745052429175,42.952355976938726,0
-115.80453285900087,42.694782537465294,0
-115.75909113303773,42.42788389832716,0
-115.73167926088881,42.15291242720005,0
-115.72276228125078,41.87115672187764,0
-115.73271404619389,41.583935304541356,0
-115.76181535701733,41.29259016979108,0
-115.81025255593039,40.9984802180378,0
-115.87811658046067,40.702974606420796,0
-115.96540248522405,40.40744604981597,0
-116.07200943340223,40.113264104746115,0
-116.19774115797271,39.821788469087984,0
-116.3423068904355,39.53436233039316,0
-116.50532275249078,39.25230579540205,0
-116.68631360385444,38.97690943293233,0
-116.88471533716411,38.709427961767815,0
-117.09987760873837,38.45107411446368,0
-117.33106699181734,38.20301270712208,0
-117.57747053684295,37.96635494418348,0
-117.83819972134424,37.74215298612781,0
-118.11229477008395,37.53139480669179,0
-118.39872932430985,37.33499936479072,0
-118.69641543724377,37.15381211479149,0
-119.00420887134368,36.98860087712654,0
-119.32091467139595,36.84005208947306,0
-119.64529298614396,36.708767456858226,0
-119.97606510994186,36.59526101709686,0
-120.31191971484446,36.49995663593376,0
-120.65151924261177,36.4231859441583,0
-120.99350642532309,36.365186726793844,0
-121.33651090266575,36.32610177225052,0
-121.67915590349033,36.30597818707668,0
-122.02006495890872,36.30476717966413,0
-122.35786861405774,36.32232431396491,0
-122.69121110565685,36.35841023197568,0
-123.01875697265636,36.41269184144923,0
-123.33919756760027,36.48474396301438,0
-123.65125743681374,36.57405142863502,0
-123.95370053816852,36.680011621128386,0
-124.24533626597412,36.80193744230254,0
-124.52502525348811,36.939060695173325,0
-124.7916849246276,37.09053586369313,0
-125.04429476769256,37.25544427147652,0
-125.28190130527305,37.4327985991517,0
-125.50362273600086,37.62154773820995,0
-125.70865322541286,37.820581957577105,0
-125.89626682491223,38.02873835759946,0
-126.06582099963565,38.244806584728515,0
-126.21675974794917,38.46753477891227,0
-126.34861629729677,38.69563572456074,0
-126.4610153631998,38.9277931749564,0
-126.55367496034549,39.162668319130646,0
-126.62640775689654,39.39890635952942,0
-126.67912196539116,39.63514316824873,0
-126.71182176587243,39.87001198923565,0
-126.72460725917725,40.10215015362543,0
-126.71767395061623,40.33020577532089,0
-126.6913117665762,40.552844394017,0
-126.64590360886439,40.768755533130985,0
-126.58192345387775,40.97665914051507,0
-126.49993400591036,41.17531188040304,0
-126.4005839160953,41.36351324577032,0
-126.28460458060523,41.5401114611673,0
-126.15280653379662,41.70400914711114,0
-126.00607545396623,41.85416871828995,0
-125.84536780128644,41.98961748913631,0
-125.6717061092867,42.10945246176096,0
-125.48617395294643,42.21284477279276,0
-125.28991061804737,42.299043777342035,0
-125.0841054978978,42.36738075008161,0
-124.86999224487512,42.41727218531517,0
-124.64884270543571,42.44822267986679,0
-124.42196066829955,42.459827384668735,0
-124.1906754564343,42.45177401303712,0
-123.95633539422663,42.423844395796394,0
-123.72030118184135,42.37591557563313,0
-123.48393920922256,42.307960435316275,0
-123.24861484248719,42.22004785670441,0
-123.01568571559598,42.112342409758455,0
-122.78649506016183,41.985103573080416,0
-122.56236510606755,41.838684489793394,0
-122.34459058521944,41.67353026485378,0
-122.1344323702568,41.490175812132726,0
-121.93311127937731,41.2892432618092,0
-121.74180207762384,41.07143894077042,0
-121.56162770401667,40.837549940807016,0
-121.39365375280818,40.588440291408865,0
-121.23888323589284,40.32504675590484,0
-121.09825165202815,40.04837427153372,0
-120.97262238701897,39.75949105577837,0
-120.86278246739721,39.459523402929136,0
-120.76943868839702,39.149650196360426,0
-120.69321413519224,38.83109716339596,0
-120.63464511443696,38.505130900899985,0
-120.59417851114007,38.17305270085371,0
-120.5721695838214,37.83619220615673,0
-120.56888020875053,37.49590092772405,0
-120.58447758186942,37.153545654629326,0
-120.61903338475842,36.810501789568036,0
-120.67252341873234,36.46814664228098,0
-120.74482770886006,36.12785271378338,0
-120.83573107740003,35.79098100429093,0
-120.94492418384384,35.45887437761694,0
-121.07200502647568,35.1328510145393,0
-121.21648089809398,34.81419798719909,0
-121.37777078631771,34.5041649860007,0
-121.55520820672179,34.203958229735726,0
-121.74804445492617,33.91473458875603,0
-121.95545226171136,33.63759594997723,0
-122.17652983325826,33.37358385130998,0
-122.4103052567252,33.123674411796166,0
-122.65574124958394,32.88877358227937,0
-122.91174022945432,32.66971273986832,0
-123.17714967960578,32.46724464776869,0
-123.45076778384735,32.28203980026868,0
-123.73134930320687,32.11468317077753,0
-124.01761166561663,31.965671378841755,0
-124.30824123877923,31.835410290011907,0
-124.60189975548997,31.724213060312447,0
-124.89723085994522,31.63229863488971,0
-125.1928667429744,31.559790708188295,0
-125.4874348336962,31.5067171507457,0
-125.77956451482498,31.473009905409512,0
-126.06789382873572,31.458505353482142,0
-126.35107614144263,31.462945148996553,0
-126.62778673185142,31.485977517033316,0
-126.89672927401202,31.5271590097166,0
-127.15664218062231,31.585956711284872,0
-127.40630477671277,31.6617508814327,0
-127.64454327327407,31.75383802397301,0
-127.87023651156926,31.861434365786504,0
-128.08232144999542,31.983679729014675,0
-128.27979836662058,32.11964177752743,0
-128.46173575191418,32.268320616862454,0
-128.62727486770717,32.428653725102855,0
-128.775633950052,32.59952119053787,0
-128.9061120353974,32.77975123044973,0
-129.01809239133766,32.96812596399183,0
-129.11104553513272,33.16338741087971,0
-129.18453182521455,33.364243686509596,0
-129.23820361298732,33.56937536315779,0
-129.27180694438107,33.77744196609992,0
-129.28518280282572,33.987088572829336,0
-129.27826788755698,34.196952483047696,0
-129.2510949234418,34.40566992675528,0
-129.20379250080668,34.61188277758106,0
-129.13658444605244,34.814245238467635,0
-129.04978872613881,35.01143046696082,0
-128.94381589230406,35.202137107650245,0
-128.81916707064283,35.38509569976138,0
-128.67643150938355,35.55907492851151,0
-128.516283694879,35.722887689606935,0
-128.3394800504358,35.875396937174436,0
-128.14685523415153,36.01552128648011,0
-127.93931805389214,36.142240343990494,0
-127.71784701941856,36.254599738665696,0
-127.48348555344693,36.35171582983816,0
-127.23733688509888,36.43278006861432,0
-126.98055865075315,36.49706299143386,0
-126.71435722874313,36.54391782622265,0
-126.43998183564847,36.572783693473255,0
-126.15871841309664,36.58318838657057,0
-125.87188333501634,36.57475071774155,0
-125.58081696616405,36.54718241813496,0
-125.28687710347336,36.50028958272147,0
-124.99143233235088,36.43397365293356,0
-124.6958553304587,36.34823193222903,0
-124.40151615178092,36.24315763204956,0
-124.10977552386802,36.11893944794603,0
-123.82197819108863,35.97586066794336,0
-123.53944633649212,35.81429781750884,0
-123.26347311450168,35.634718847757824,0
-122.99531632611297,35.43768087576745,0
-122.7361922675771,35.223827488063264,0
-122.48726978269562,34.993885620483056,0
-122.24966454785873,34.748662029696995,0
-122.02443361781725,34.48903937366343,0
-121.81257025890264,34.215971920215146,0
-121.6149990950002,33.93048090479206,0
-121.43257159005006,33.63364956005526,0
-121.26606188920101,33.3266178417238,0
-121.11616303898636,33.01057687646447,0
-120.98348360503405,32.68676315902502,0
-120.8685447038763,32.356452527030775,0
-120.7717774633957,32.020953942952374,0
-120.69352092434524,31.681603113698017,0
-120.63402039321927,31.339755979077808,0
-120.59342625454175,30.996782101031158,0
-120.57179324838762,30.654057985993266,0
-120.56908021667488,30.312960373105064,0
-120.5851503194684,29.974859521137617,0
-120.61977172023451,29.641112527008907,0
-120.67261873668869,29.313056708615555,0
-120.74327345159767,28.992003084387783,0
-120.83122777564506,28.679229981501305,0
-120.9358859522546,28.375976804050694,0
-121.05656749210111,28.08343799170422,0
-121.1925105229341,27.80275719842826,0
-121.34287553830488,27.5350217197905,0
-121.50674952683437,27.28125719613454,0
-121.68315046179457,27.042422617566462,0
-121.87103212901205,26.81940565521647,0
-122.06928926944454,26.613018341639894,0
-122.27676301124042,26.42399312151239,0
-122.49224656467322,26.252979291960063,0
-122.71449115205525,26.1005398499571,0
-122.94221214358387,25.967148762229485,0
-123.17409536906499,25.85318867103416,0
-123.40880357459723,25.758949047047942,0
-123.64498299258956,25.684624798410656,0
-123.88126999293095,25.630315342732672,0
-124.11629778273196,25.59602414660955,0
-124.34870312182154,25.581658734896543,0
-124.57713302110382,25.587031169694917,0
-124.80025139096468,25.611858996701468,0
-125.0167456071618,25.655766654283315,0
-125.22533296203643,25.718287338373916,0
-125.42476696944661,25.798865314053327,0
-125.61384349253794,25.89685866248827,0
-125.79140666433601,26.011542449774783,0
-125.95635457215921,26.142112302160225,0
-126.10764467800699,26.287688370130507,0
-126.24429894837266,26.44731966194427,0
-126.36540866835223,26.61998872538572,0
-126.47013891646768,26.804616654802754,0
-126.5577326782842,27.000068398903295,0
-126.62751457867103,27.205158343310224,0
-126.67889421442226,27.41865614052889,0
-126.71136907091253,27.639292758770125,0
-126.72452700849874,27.865766719999023,0
-126.71804830648755,28.09675049665353,0
-126.69170725465415,28.330897035699447,0
-126.64537328451499,28.566846378064717,0
-126.57901163481056,28.803232341029087,0
-126.49268354793634,29.03868923083651,0
-126.38654599635703,29.27185855264983,0
-126.2608509403416,29.501395684980295,0
-126.11594412065179,29.725976485898652,0
-125.95226339209529,29.94430379866838,0
-125.7703366061027,30.155113824934567,0
-125.57077905269698,30.357182334250567,0
-125.35429047438167,30.549330679526246,0
-125.12165166657131,30.730431588932294,0
-124.87372068121215,30.8994147058898,0
-124.61142865218527,31.055271850008523,0
-124.33577526293624,31.197061973203905,0
-124.04782387852815,31.323915786715986,0
-123.7486963659583,31.435040036365205,0
-123.43956762810589,31.52972140510326,0
-123.12165987808046,31.60733002374256,0
-122.7962366820123,31.66732257266706,0
-122.46459679946057,31.709244959330583,0
-122.12806785160569,31.732734558426625,0
-121.78799984823637,31.737522003755775,0
-121.44575860523284,31.723432523012505,0
-121.10271908478495,31.69038680895203,0
-120.76025869096127,31.638401422668803,0
-120.41975055346475,31.567588727009827,0
-120.08255683246799,31.478156350447524,0
-119.75002207731798,31.37040618403667,0
-119.42346667163642,31.244732916366942,0
-119.10418039691827,31.10162211368543,0
-118.79341614615096,30.941647854591448,0
-118.49238381824217,30.76546993088753,0
-118.20224442315765,30.573830628295642,0
-117.92410442663942,30.367551102805347,0
-117.65901036220048,30.147527370401377,0
-117.40794373678358,29.914725929811834,0
-117.17181625503285,29.670179039715563,0
-116.95146538556654,29.414979673539836,0
-116.74765029096424,29.15027617655865,0
-116.56104814140036,28.877266651460197,0
-116.39225082997623,28.59719309988196,0
-116.24176210583616,28.311335348607084,0
-116.10999513910605,28.021004790170693,0
-115.9972705295785,27.727537968533696,0
-115.90381476889438,27.43229004124062,0
-115.82975916374991,27.136628150082835,0
-115.77513922540025,26.84192473273687,0
-115.73989452844641,26.54955080813677,0
-115.72386903959394,26.260869268467836,0
-115.7268119147698,25.977228210636817,0
-115.74837876069002,25.69995433988038,0
-115.78813335469533,25.430346477820365,0
-115.84554981442817,25.169669206762666,0
-115.92001520672032,24.91914668136937,0
-116.01083258290976,24.679956638013998,0
-116.11722442571626,24.45322463116164,0
-116.23833649078973,24.240018525003535,0
-116.37324202411212,24.041343267325672,0
-116.52094633459242,23.85813597120857,0
-116.68039169945547,23.691261328647613,0
-116.85046257839377,23.54150737855792,0
-117.02999111094084,23.409581649891333,0
-117.21776287013638,23.296107698756497,0
-117.41252284429807,23.201622056503037,0
-117.61298161759855,23.126571603717593,0
-117.81782171917132,23.07131138299394,0
-118.02570410964451,23.036102861189995,0
-118.2352747733281,23.02111264968302,0
-118.44517138376246,23.026411688891184,0
-118.65403000997735,23.051974901055587,0
-118.86049183061073,23.09768131298342,0
-119.0632098229978,23.163314648151058,0
-119.2608553944645,23.248564385267038,0
-119.45212492334139,23.353027278110105,0
-119.63574617765703,23.476209329198305,0
-119.81048458006873,23.61752820762232,0
-119.9751492883414,23.776316099200397,0
-120.12859906158933,23.9518229749954,0
-120.26974788354461,24.14322026218482,0
-120.3975703153058,24.349604899303976,0
-120.51110655134612,24.5700037560005,0
-120.60946715401329,24.803378395652153,0
-120.69183744332813,25.048630157521202,0
-120.75748152057744,25.30460553355349,0
-120.80574590599011,25.570101813486687,0
-120.83606277267587,25.843872970618953,0
-120.84795276098383,26.12463575940985,0
-120.84102735949207,26.41107599504767,0
-120.81499084096373,26.70185498422703,0
-120.76964174378321,26.99561607563893,0
-120.70487389161377,27.29099129808983,0
-120.62067694627845,27.586608053736956,0
-120.5171364911533,27.881095833656772,0
-120.3944336446611,28.17309292285494,0
-120.25284420575545,28.461253061877255,0
-120.09273733557721,28.744252032393412,0
-119.91457378173767,29.020794134498964,0
-119.7189036539222,29.289618524009907,0
-119.50636376170661,29.54950537871106,0
-119.27767452762205,29.799281863356853,0
-119.03363649058548,30.037827864208683,0
-118.77512641681822,30.26408146502244,0
-118.50309303729827,30.477044137665708,0
-118.21855243262148,30.675785621941824,0
-117.92258308787281,30.85944847072093,0
-117.61632064172619,31.027252238116812,0
-117.3009523554885,31.17849729019708,0
-116.97771132917515,31.312568219563058,0
-116.64787049294407,31.4289368470759,0
-116.31273640331453,31.527164796027837,0
-115.97364287455407,31.606905626151544,0
-115.63194447642394,31.667906517016434,0
-115.28900993012779,31.710009492568126,0
-114.94621543480743,31.73315218081458,0
-114.60493795726929,31.73736810493935,0
-114.26654851780538,31.722786504417563,0
-113.93240550499223,31.689631687012266,0
-113.60384805220819,31.638221914826538,0
-113.28218950830845,31.568967829868974,0
-112.96871103443539,31.48237042684584,0
-112.66465535832393,31.379018583110515,0
-112.37122071669039,31.259586157870338,0
-112.0895550153722,31.124828674860506,0
-111.82075023581915,30.975579604734914,0
-111.56583711533028,30.812746265384682,0
-111.32578012708976,30.637305360266105,0
-111.10147278458643,30.450298176593087,0
-110.89373329341369,30.252825466915443,0
-110.70330057174374,30.046042039154337,0
-110.53083065896556,29.83115108159522,0
-110.37689353007399,29.60939825063607,0
-110.24197033141058,29.38206555025098,0
-110.12645105129266,29.150465033149796,0
-110.0306326369369,28.915932354486966,0
-109.95471756689855,28.679820209695766,0
-109.89881288601529,28.44349168859163,0
-109.86292970758012,28.20831357829774,0
-109.8469831851791,27.975649647797553,0
-109.85079295432901,27.746853947008553,0
-109.87408404174931,27.52326415320031,0
-109.91648823781226,27.306194997348612,0
-109.97754592544625,27.0969318026251,0
-110.05670835653191,26.896724166673277,0
-110.15334036463867,26.70677981861754,0
-110.26672350081229,26.528258680895448,0
-110.39605957705183,26.362267165000862,0
-110.54047460011758,26.20985272907976,0
-110.69902307639991,26.07199872403769,0
-110.8706926667611,25.949619553405334,0
-111.05440916854857,25.84355617067116,0
-111.24904180037544,25.754571936137772,0
-111.45340876378054,25.68334885359765,0
-111.66628305452546,25.63048420526314,0
-111.88639849506194,25.59648760143557,0
-112.11245595862054,25.58177845936651,0
-112.3431297544331,25.586683923662314,0
-112.57707414281104,25.611437238420287,0
-112.81292994816776,25.65617657907235,0
-113.04933123759135,25.720944349660314,0
-113.28491203225406,25.8056869489874,0
-113.5183130187845,25.910255006793967,0
-113.74818822772748,26.0344040888033,0
-113.97321164637862,26.177795867186767,0
-114.1920837336023,26.3399997507182,0
-114.40353780472086,26.520494966635503,0
-114.60634625520024,26.71867308401546,0
-114.79932659264664,26.93384096630489,0
-114.98134724756697,27.16522413854932,0
-115.15133313443089,27.411970552829484,0
-115.30827093579367,27.67315473346514,0
-115.45121408359722,27.947782281685896,0
-115.57928741324844,28.234794717708073,0
-115.69169146767764,28.533074636503684,0
-115.78770643029422,28.84145115201182,0
-115.86669566757392,29.158705603129423,0
-115.92810886392463,29.48357749353616,0
-115.97148473347433,29.814770636263503,0
-115.99645329549736,30.150959472914558,0
-116.00273770233231,30.490795536586056,0
-115.99015561083668,30.832914026840378,0
-115.95862009065965,31.175940464525823,0
-115.90814006488249,31.518497393853423,0
-115.83882028086694,31.859211098906307,0
-115.75086081145304,32.19671830168685,0
-115.64455608894781,32.52967280889824,0
-115.52029347663516,32.856752074907114,0
-115.37855138480238,33.17666364874508,0
-115.21989694050943,33.48815147357497,0
-115.04498322251335,33.790002007769694,0
-114.85454607488988,34.08105013762631,0
-114.64940051495762,34.36018485275767,0
-114.43043675309801,34.62635465636651,0
-114.19861584396446,34.87857268390615,0
-113.95496499038,35.11592150505923,0
-113.70057252292393,35.33755758551787,0
-113.4365825797961,35.542715386714605,0
-113.16418951301621,35.73071108342658,0
-112.88463204835524,35.90094588104769,0
-112.59918722760251,36.05290891628377,0
-112.30916416283884,36.18617972706626,0
-112.01589763330567,36.30043027959023,0
-111.72074155623237,36.39542654255144,0
-111.42506236360047,36.47102960087498,0
-111.13023231728461,36.527196303483876,0
-110.83762279531204,36.56397944193807,0
-110.54859758212366,36.58152745907203,0
-110.26450619569998,36.58008368906142,0
-109.98667728423561,36.55998513264429,0
-109.71641212470404,36.52166077349903,0
-109.45497825515652,36.46562944402861,0
-109.20360327194344,36.39249725100816,0
-108.96346882223844,36.3029545737079,0
-108.73570482129008,36.19777264919844,0
-108.5213839227237,36.07779976156654,0
-108.32151626897782,35.94395705370994,0
-108.13704454758721,35.79723398222878,0
-107.96883937752617,35.63868343767836,0
-107.81769504820952,35.46941655408791,0
-107.68432563202137,35.290597233171624,0
-107.56936148941216,35.103436410055615,0
-107.47334618368183,34.909186088610824,0
-107.39673382056007,34.70913317560995,0
-107.33988682561437,34.504593143911976,0
-107.30307417037204,34.296903555715886,0
-107.2864700558442,34.087417477609314,0
-107.29015305990008,33.8774968196691,0
